(2,11,0)
(5,22,0)
(20,5,0)
(11,12,0)
(24,22,0)
(16,4,0)
(1,22,0)
(4,5,0)
(13,0,0)
(21,22,0)
(0,17,0)
(11,5,0)
(8,19,0)
(18,17,0)
(15,19,0)
(10,18,0)
(23,4,0)
(4,16,0)
(9,5,0)
(5,19,0)
(7,11,0)
(19,22,0)
(6,22,0)
(10,16,1)
(19,8,1)
(23,14,1)
(18,10,1)
(0,13,1)
(2,14,1)
(5,20,1)
(8,15,1)
(7,2,1)
(11,5,1)
(5,19,1)
(4,23,1)
(9,19,1)
(3,16,1)
(13,18,1)
(20,9,1)
(4,5,1)
(14,5,1)
(23,11,1)
(16,4,1)
(3,0,1)
(11,7,1)
(0,16,2)
(4,5,2)
(5,19,2)
(11,5,2)
(2,14,2)
(13,16,2)
(11,14,2)
(7,14,2)
(10,16,2)
(16,4,2)
(18,16,2)
-----------------------------------
(0,exit(1)
(1,data)
(2,data)
(3,RET)
(4,SetComputerNameA(data)
(5,data = dataBuffer)
(6,dataBuffer)
(7,"hostname")
(8,"")
(9,data)
(10,"Failure setting computer name")
(11,strcpy(data, "hostname")
(12,)
(13,1)
(14,STATIC_CONST_TRUE)
(15,dataBuffer)
(16,!SetComputerNameA(data)
(17,)
(18,printLine("Failure setting computer name")
(19,dataBuffer[100] = "")
(20,dataBuffer)
(21,if (!SetComputerNameA(data)
(22,)
(23,data)
(24,if(STATIC_CONST_TRUE)
^^^^^^^^^^^^^^^^^^^^^^^^^^^^^^^^^^^
0