(10,12,0)
(8,22,0)
(9,1,0)
(3,20,0)
(21,16,0)
(23,20,0)
(12,0,0)
(18,21,0)
(17,0,0)
(6,20,0)
(24,20,0)
(25,22,0)
(4,21,0)
(5,17,0)
(19,8,0)
(27,8,0)
(26,19,0)
(19,26,0)
(7,22,0)
(22,20,0)
(11,19,0)
(13,8,0)
(1,15,0)
(21,8,0)
(8,20,0)
(18,4,1)
(26,19,1)
(13,27,1)
(10,17,1)
(4,14,1)
(14,8,1)
(21,8,1)
(8,13,1)
(2,26,1)
(22,25,1)
(21,18,1)
(11,21,1)
(11,1,1)
(19,11,1)
(1,9,1)
(8,22,1)
(27,22,1)
(2,12,1)
(25,7,1)
(19,8,1)
(9,14,1)
(17,5,1)
(12,10,1)
(5,26,1)
(19,8,2)
(9,14,2)
(21,14,2)
(26,19,2)
(1,14,2)
(4,14,2)
(12,26,2)
(8,22,2)
(21,8,2)
(17,26,2)
(5,26,2)
(18,14,2)
(10,26,2)
-----------------------------------
(0,)
(1,printLine("Benign, fixed string")
(2,RET)
(3,data)
(4,data)
(5,"Failure setting computer name")
(6,dataBuffer)
(7,dataBuffer)
(8,data = dataBuffer)
(9,"Benign, fixed string")
(10,1)
(11,data)
(12,exit(1)
(13,dataBuffer)
(14,STATIC_CONST_FALSE)
(15,)
(16,)
(17,printLine("Failure setting computer name")
(18,"hostname")
(19,SetComputerNameA(data)
(20,)
(21,strcpy(data, "hostname")
(22,dataBuffer[100] = "")
(23,if (!SetComputerNameA(data)
(24,if(STATIC_CONST_FALSE)
(25,"")
(26,!SetComputerNameA(data)
(27,data)
^^^^^^^^^^^^^^^^^^^^^^^^^^^^^^^^^^^
0