(8,4,0)
(16,19,0)
(4,8,0)
(0,16,0)
(2,3,0)
(20,7,0)
(11,1,0)
(10,19,0)
(21,1,0)
(7,6,0)
(14,21,0)
(12,1,0)
(4,16,0)
(13,19,0)
(17,1,0)
(9,4,0)
(5,21,0)
(15,16,0)
(21,16,0)
(3,6,0)
(16,1,0)
(19,1,0)
(19,13,1)
(18,3,1)
(16,15,1)
(21,16,1)
(8,4,1)
(20,8,1)
(13,10,1)
(14,5,1)
(2,7,1)
(0,19,1)
(21,14,1)
(16,19,1)
(3,2,1)
(7,20,1)
(18,8,1)
(9,21,1)
(15,0,1)
(4,9,1)
(4,16,1)
(5,16,1)
(21,16,2)
(3,8,2)
(2,8,2)
(8,4,2)
(20,8,2)
(16,19,2)
(4,16,2)
(7,8,2)
-----------------------------------
(0,data)
(1,)
(2,1)
(3,exit(1)
(4,SetComputerNameA(data)
(5,data)
(6,)
(7,printLine("Failure setting computer name")
(8,!SetComputerNameA(data)
(9,data)
(10,dataBuffer)
(11,if (!SetComputerNameA(data)
(12,data)
(13,"")
(14,"hostname")
(15,dataBuffer)
(16,data = dataBuffer)
(17,dataBuffer)
(18,RET)
(19,dataBuffer[100] = "")
(20,"Failure setting computer name")
(21,strcpy(data, "hostname")
^^^^^^^^^^^^^^^^^^^^^^^^^^^^^^^^^^^
0