(19,7,0)
(3,10,0)
(14,19,0)
(13,17,0)
(0,23,0)
(2,1,0)
(3,17,0)
(11,3,0)
(10,3,0)
(25,17,0)
(9,7,0)
(4,19,0)
(1,24,0)
(18,7,0)
(16,7,0)
(6,12,0)
(21,8,0)
(17,7,0)
(22,7,0)
(8,24,0)
(12,15,0)
(17,19,0)
(12,17,0)
(26,0,0)
(5,12,0)
(12,17,1)
(19,4,1)
(26,20,1)
(1,2,1)
(0,26,1)
(3,11,1)
(4,14,1)
(12,6,1)
(2,10,1)
(27,8,1)
(13,25,1)
(11,12,1)
(6,5,1)
(17,19,1)
(11,0,1)
(3,17,1)
(8,21,1)
(25,19,1)
(27,10,1)
(21,1,1)
(17,13,1)
(5,20,1)
(10,3,1)
(20,17,1)
(0,20,2)
(12,20,2)
(10,3,2)
(17,19,2)
(5,20,2)
(26,20,2)
(2,10,2)
(12,17,2)
(1,10,2)
(8,10,2)
(21,10,2)
(6,20,2)
(3,17,2)
-----------------------------------
(0,printLine("Benign, fixed string")
(1,printLine("Failure setting computer name")
(2,"Failure setting computer name")
(3,SetComputerNameA(data)
(4,"")
(5,data)
(6,"hostname")
(7,)
(8,exit(1)
(9,dataBuffer)
(10,!SetComputerNameA(data)
(11,data)
(12,strcpy(data, "hostname")
(13,dataBuffer)
(14,dataBuffer)
(15,)
(16,data)
(17,data = dataBuffer)
(18,if(staticFalse)
(19,dataBuffer[100] = "")
(20,staticFalse)
(21,1)
(22,if (!SetComputerNameA(data)
(23,)
(24,)
(25,data)
(26,"Benign, fixed string")
(27,RET)
^^^^^^^^^^^^^^^^^^^^^^^^^^^^^^^^^^^
0