(7,16,0)
(12,3,0)
(20,0,0)
(24,4,0)
(23,4,0)
(16,11,0)
(3,21,0)
(26,20,0)
(22,14,0)
(11,2,0)
(9,2,0)
(11,4,0)
(15,2,0)
(17,11,0)
(19,14,0)
(20,11,0)
(8,20,0)
(13,16,0)
(10,4,0)
(27,11,0)
(6,19,0)
(25,22,0)
(5,4,0)
(16,7,0)
(2,4,0)
(16,13,1)
(15,9,1)
(18,19,1)
(6,22,1)
(3,12,1)
(8,26,1)
(13,20,1)
(18,7,1)
(2,15,1)
(20,11,1)
(17,27,1)
(19,6,1)
(11,2,1)
(20,8,1)
(13,3,1)
(26,1,1)
(27,2,1)
(22,25,1)
(16,11,1)
(7,16,1)
(12,1,1)
(25,7,1)
(1,11,1)
(11,17,1)
(16,11,2)
(6,7,2)
(7,16,2)
(3,1,2)
(20,1,2)
(25,7,2)
(11,2,2)
(20,11,2)
(26,1,2)
(8,1,2)
(12,1,2)
(22,7,2)
(19,7,2)
-----------------------------------
(0,)
(1,0)
(2,dataBuffer[100] = "")
(3,printLine("Benign, fixed string")
(4,)
(5,if (!SetComputerNameA(data)
(6,1)
(7,!SetComputerNameA(data)
(8,"hostname")
(9,dataBuffer)
(10,if(0)
(11,data = dataBuffer)
(12,"Benign, fixed string")
(13,data)
(14,)
(15,"")
(16,SetComputerNameA(data)
(17,dataBuffer)
(18,RET)
(19,exit(1)
(20,strcpy(data, "hostname")
(21,)
(22,printLine("Failure setting computer name")
(23,data)
(24,dataBuffer)
(25,"Failure setting computer name")
(26,data)
(27,data)
^^^^^^^^^^^^^^^^^^^^^^^^^^^^^^^^^^^
0