(2,22,0)
(17,9,0)
(10,8,0)
(4,3,0)
(18,22,0)
(23,22,0)
(3,18,0)
(13,22,0)
(8,15,0)
(24,13,0)
(11,18,0)
(14,18,0)
(11,1,0)
(12,11,0)
(9,15,0)
(7,13,0)
(16,18,0)
(3,6,0)
(21,3,0)
(18,13,0)
(1,11,0)
(20,22,0)
(5,22,0)
(4,21,1)
(11,12,1)
(18,14,1)
(1,11,1)
(10,1,1)
(8,10,1)
(18,13,1)
(13,7,1)
(17,8,1)
(12,0,1)
(21,0,1)
(12,3,1)
(19,9,1)
(7,24,1)
(16,13,1)
(3,18,1)
(9,17,1)
(19,1,1)
(0,18,1)
(3,4,1)
(11,18,1)
(14,16,1)
(3,0,2)
(8,1,2)
(10,1,2)
(18,13,2)
(21,0,2)
(4,0,2)
(1,11,2)
(17,1,2)
(3,18,2)
(9,1,2)
(11,18,2)
-----------------------------------
(0,1)
(1,!SetComputerNameA(data)
(2,if (!SetComputerNameA(data)
(3,strcpy(data, "hostname")
(4,"hostname")
(5,dataBuffer)
(6,)
(7,"")
(8,printLine("Failure setting computer name")
(9,exit(1)
(10,"Failure setting computer name")
(11,SetComputerNameA(data)
(12,data)
(13,dataBuffer[100] = "")
(14,dataBuffer)
(15,)
(16,data)
(17,1)
(18,data = dataBuffer)
(19,RET)
(20,data)
(21,data)
(22,)
(23,if(1)
(24,dataBuffer)
^^^^^^^^^^^^^^^^^^^^^^^^^^^^^^^^^^^
0