(3,15,0)
(18,25,0)
(15,7,0)
(17,16,0)
(14,15,0)
(19,3,0)
(17,15,0)
(4,7,0)
(6,8,0)
(21,11,0)
(11,10,0)
(20,3,0)
(1,15,0)
(5,17,0)
(8,10,0)
(22,25,0)
(26,23,0)
(15,25,0)
(7,25,0)
(13,25,0)
(12,25,0)
(3,20,0)
(0,7,0)
(24,23,0)
(2,17,0)
(21,8,1)
(20,3,1)
(5,2,1)
(8,6,1)
(9,11,1)
(23,26,1)
(19,23,1)
(17,15,1)
(17,5,1)
(3,19,1)
(2,23,1)
(14,7,1)
(6,20,1)
(9,20,1)
(7,0,1)
(11,21,1)
(26,24,1)
(3,15,1)
(15,7,1)
(1,14,1)
(15,1,1)
(24,15,1)
(19,17,1)
(0,4,1)
(17,23,2)
(21,20,2)
(6,20,2)
(20,3,2)
(15,7,2)
(5,23,2)
(2,23,2)
(3,15,2)
(11,20,2)
(17,15,2)
(8,20,2)
-----------------------------------
(0,"")
(1,dataBuffer)
(2,data)
(3,SetComputerNameA(data)
(4,dataBuffer)
(5,"hostname")
(6,"Failure setting computer name")
(7,dataBuffer[100] = "")
(8,printLine("Failure setting computer name")
(9,RET)
(10,)
(11,exit(1)
(12,data)
(13,dataBuffer)
(14,data)
(15,data = dataBuffer)
(16,)
(17,strcpy(data, "hostname")
(18,if (!SetComputerNameA(data)
(19,data)
(20,!SetComputerNameA(data)
(21,1)
(22,if(5==5)
(23,5==5)
(24,5)
(25,)
(26,5)
^^^^^^^^^^^^^^^^^^^^^^^^^^^^^^^^^^^
0