(28,22,0)
(16,21,0)
(8,4,0)
(14,22,0)
(9,17,0)
(5,17,0)
(26,29,0)
(7,5,0)
(12,6,0)
(11,12,0)
(19,18,0)
(5,15,0)
(17,22,0)
(20,16,0)
(24,22,0)
(2,22,0)
(6,12,0)
(25,2,0)
(17,2,0)
(18,21,0)
(27,2,0)
(12,17,0)
(23,4,0)
(0,17,0)
(10,22,0)
(29,3,0)
(1,5,0)
(18,19,1)
(23,8,1)
(8,17,1)
(11,5,1)
(17,0,1)
(2,27,1)
(7,4,1)
(19,6,1)
(0,9,1)
(11,29,1)
(26,4,1)
(13,6,1)
(16,20,1)
(12,17,1)
(17,2,1)
(9,2,1)
(5,1,1)
(1,7,1)
(5,17,1)
(6,12,1)
(20,18,1)
(13,16,1)
(27,25,1)
(12,11,1)
(29,26,1)
(4,23,1)
(1,4,2)
(20,6,2)
(26,4,2)
(5,17,2)
(7,4,2)
(6,12,2)
(19,6,2)
(12,17,2)
(18,6,2)
(29,4,2)
(16,6,2)
(17,2,2)
(5,4,2)
-----------------------------------
(0,dataBuffer)
(1,"hostname")
(2,dataBuffer[100] = "")
(3,)
(4,5!=5)
(5,strcpy(data, "hostname")
(6,!SetComputerNameA(data)
(7,data)
(8,5)
(9,data)
(10,dataBuffer)
(11,data)
(12,SetComputerNameA(data)
(13,RET)
(14,if (!SetComputerNameA(data)
(15,)
(16,exit(1)
(17,data = dataBuffer)
(18,printLine("Failure setting computer name")
(19,"Failure setting computer name")
(20,1)
(21,)
(22,)
(23,5)
(24,data)
(25,dataBuffer)
(26,"Benign, fixed string")
(27,"")
(28,if(5!=5)
(29,printLine("Benign, fixed string")
^^^^^^^^^^^^^^^^^^^^^^^^^^^^^^^^^^^
0