(19,14,0)
(11,14,0)
(24,5,0)
(9,14,0)
(16,14,0)
(5,19,0)
(20,14,0)
(21,19,0)
(23,7,0)
(10,2,0)
(12,19,0)
(7,4,0)
(18,11,0)
(1,12,0)
(2,4,0)
(22,19,0)
(6,11,0)
(19,11,0)
(5,8,0)
(12,1,0)
(0,5,0)
(17,14,0)
(15,12,0)
(12,15,1)
(6,18,1)
(19,21,1)
(5,0,1)
(23,2,1)
(13,7,1)
(10,1,1)
(3,19,1)
(22,11,1)
(24,3,1)
(15,5,1)
(11,6,1)
(0,24,1)
(5,19,1)
(15,3,1)
(2,10,1)
(13,1,1)
(7,23,1)
(12,19,1)
(1,12,1)
(19,11,1)
(21,22,1)
(12,19,2)
(24,3,2)
(23,1,2)
(5,3,2)
(5,19,2)
(1,12,2)
(7,1,2)
(10,1,2)
(19,11,2)
(2,1,2)
(0,3,2)
-----------------------------------
(0,"hostname")
(1,!SetComputerNameA(data)
(2,printLine("Failure setting computer name")
(3,staticTrue)
(4,)
(5,strcpy(data, "hostname")
(6,"")
(7,exit(1)
(8,)
(9,if(staticTrue)
(10,"Failure setting computer name")
(11,dataBuffer[100] = "")
(12,SetComputerNameA(data)
(13,RET)
(14,)
(15,data)
(16,data)
(17,if (!SetComputerNameA(data)
(18,dataBuffer)
(19,data = dataBuffer)
(20,dataBuffer)
(21,dataBuffer)
(22,data)
(23,1)
(24,data)
^^^^^^^^^^^^^^^^^^^^^^^^^^^^^^^^^^^
0